0	1	0.998447	0
-0.626682 0.779275 302.248000
-0.779275 -0.626682 471.437000
0 0 1
0	8	0.999907	0
-0.116264 -0.993218 266.680000
0.993218 -0.116264 302.135000
0 0 1
1	2	0.966427	0
0.734614 -0.678486 3.715160
0.678486 0.734614 142.601000
0 0 1
1	7	0.881460	0
0.926064 -0.377366 -123.467000
0.377366 0.926064 -229.397000
0 0 1
2	3	0.999613	0
-0.390786 0.920482 82.828300
-0.920482 -0.390786 670.510000
0 0 1
2	5	0.677729	1
-0.711663 -0.702521 491.153000
0.702521 -0.711663 -44.044800
0 0 1
2	10	0.825193	0
-0.259498 0.965744 -189.763000
-0.965744 -0.259498 446.237000
0 0 1
3	4	0.980984	0
-0.630266 0.776379 -79.564400
-0.776379 -0.630266 460.234000
0 0 1
3	11	0.996168	0
0.999466 -0.032662 135.470000
0.032662 0.999466 -194.743000
0 0 1
4	5	0.998510	0
-0.996402 0.084754 569.725000
-0.084754 -0.996402 307.227000
0 0 1
4	9	0.997102	0
-0.998596 0.052973 535.862000
-0.052973 -0.998596 695.877000
0 0 1
5	6	0.943612	0
0.106332 0.994331 -174.917000
-0.994331 0.106332 169.134000
0 0 1
6	9	0.982981	0
0.135370 -0.990795 575.514000
0.990795 0.135370 115.367000
0 0 1
6	12	0.999721	0
-0.850437 -0.526077 794.837000
0.526077 -0.850437 -89.285400
0 0 1
7	8	0.981658	0
-0.912584 0.408889 371.607000
-0.408889 -0.912584 180.000000
0 0 1
9	13	0.956132	0
-0.037250 -0.999306 288.557000
0.999306 -0.037250 -265.999000
0 0 1
10	11	0.995247	0
0.994065 0.108793 -180.044000
-0.108793 0.994065 -5.246510
0 0 1
10	15	0.999446	0
-0.873625 0.486600 330.424000
-0.486600 -0.873625 206.036000
0 0 1
12	13	0.998746	0
0.899443 -0.437038 167.802000
0.437038 0.899443 -429.869000
0 0 1
12	23	0.981619	0
0.337541 -0.941311 30.752900
0.941311 0.337541 49.853900
0 0 1
13	14	0.788535	0
0.918957 0.394359 -180.468000
-0.394359 0.918957 81.930800
0 0 1
13	22	0.996680	0
-0.979180 0.202992 125.651000
-0.202992 -0.979180 634.113000
0 0 1
14	15	0.997396	0
-0.069180 -0.997604 481.275000
0.997604 -0.069180 -313.513000
0 0 1
14	21	0.998590	0
0.994451 0.105199 -210.939000
-0.105199 0.994451 109.199000
0 0 1
15	16	1.000000	0
0.452579 0.891724 -361.577000
-0.891724 0.452579 467.268000
0 0 1
15	20	0.999985	0
0.961638 -0.274322 143.137000
0.274322 0.961638 316.264000
0 0 1
16	17	0.999985	0
-0.756683 -0.653782 323.285000
0.653782 -0.756683 49.246400
0 0 1
16	19	0.992573	0
0.468226 -0.883609 69.559600
0.883609 0.468226 224.891000
0 0 1
17	18	0.999792	0
0.892954 0.450149 261.449000
-0.450149 0.892954 60.609500
0 0 1
18	29	0.998927	0
-0.681888 0.731457 488.521000
-0.731457 -0.681888 528.838000
0 0 1
19	20	0.999786	0
0.957441 -0.288630 275.041000
0.288630 0.957441 -186.331000
0 0 1
20	21	0.783152	0
-0.439907 0.898043 409.791000
-0.898043 -0.439907 242.160000
0 0 1
20	28	0.999996	0
0.622315 0.782767 58.098000
-0.782767 0.622315 477.023000
0 0 1
21	27	0.999183	0
0.156538 -0.987672 47.607800
0.987672 0.156538 12.319200
0 0 1
22	24	0.960610	0
-0.915710 -0.401841 614.016000
0.401841 -0.915710 3.520250
0 0 1
23	25	0.998522	0
-0.016135 -0.999870 253.048000
0.999870 -0.016135 101.623000
0 0 1
24	25	0.999375	0
-0.833263 -0.552878 609.787000
0.552878 -0.833263 367.068000
0 0 1
24	27	0.988924	0
0.439624 -0.898182 239.469000
0.898182 0.439624 -209.686000
0 0 1
24	32	0.997632	0
0.320540 -0.947235 78.938500
0.947235 0.320540 130.085000
0 0 1
25	30	0.979763	0
-0.925636 0.378416 703.213000
-0.378416 -0.925636 436.949000
0 0 1
26	29	0.999989	0
0.360677 0.932691 -262.690000
-0.932691 0.360677 350.900000
0 0 1
26	31	0.986552	0
0.544724 -0.838616 227.524000
0.838616 0.544724 240.398000
0 0 1
27	28	0.999966	0
0.960111 0.279619 -441.816000
-0.279619 0.960111 35.526100
0 0 1
27	35	0.938757	0
-0.978870 0.204486 253.855000
-0.204486 -0.978870 750.403000
0 0 1
28	33	0.999839	0
0.999421 -0.034012 -114.220000
0.034012 0.999421 304.835000
0 0 1
29	31	0.558651	1
-0.997292 0.073550 497.670000
-0.073550 -0.997292 175.348000
0 0 1
29	34	0.999003	0
0.456659 -0.889642 32.317700
0.889642 0.456659 101.230000
0 0 1
30	32	0.947591	0
0.136688 -0.990614 342.313000
0.990614 0.136688 -194.308000
0 0 1
30	35	0.351237	1
0.046392 0.998923 -58.356200
-0.998923 0.046392 130.020000
0 0 1
31	33	0.989347	0
0.262351 0.964972 65.188300
-0.964972 0.262351 144.768000
0 0 1
31	34	0.998778	0
0.457951 0.888978 -111.852000
-0.888978 0.457951 384.964000
0 0 1
32	35	0.988200	0
-0.996428 0.084448 74.591300
-0.084448 -0.996428 451.523000
0 0 1
33	35	0.760083	0
-0.900493 0.434871 604.745000
-0.434871 -0.900493 554.442000
0 0 1
