1 
1 0 1827.505289  0 1 1828.270930  0 0 1
2 
-0.629320 0.777146 2131.702442  -0.777146 -0.629320 2299.070972  0 0 1
3 
0.069756 0.997564 2239.498175  -0.997564 0.069756 2206.722303  0 0 1
4 
-0.945519 -0.325568 2914.476966  0.325568 -0.945519 2171.118009  0 0 1
5 
0.848048 -0.529919 2840.521153  0.529919 0.848048 1710.425764  0 0 1
6 
-0.798636 0.601815 3160.622596  -0.601815 -0.798636 2272.634773  0 0 1
7 
-0.681998 -0.731354 3402.664217  0.731354 -0.681998 2243.030340  0 0 1
8 
-0.292372 0.956305 2032.020927  -0.956305 -0.292372 2540.497489  0 0 1
9 
-0.121869 -0.992546 2094.476189  0.992546 -0.121869 2131.802186  0 0 1
10 
-0.819152 0.573576 2926.288430  -0.573576 -0.819152 2585.285907  0 0 1
11 
-0.981627 -0.190809 2671.011864  0.190809 -0.981627 2427.374111  0 0 1
12 
-0.956305 -0.292372 2848.647810  0.292372 -0.956305 2399.784833  0 0 1
13 
0.190809 0.981627 2928.338471  -0.981627 0.190809 2886.781247  0 0 1
14 
0.601815 0.798636 2538.202356  -0.798636 0.601815 2639.358811  0 0 1
15 
0.241922 0.970296 2494.530954  -0.970296 0.241922 2832.159265  0 0 1
16 
0.951057 -0.309017 2306.909703  0.309017 0.951057 2289.206254  0 0 1
17 
0.707107 0.707107 1818.613834  -0.707107 0.707107 2621.202829  0 0 1
18 
-0.069756 -0.997564 2080.747510  0.997564 -0.069756 2427.237111  0 0 1
19 
0.390731 -0.920505 2000.703666  0.920505 0.390731 2683.921830  0 0 1
20 
0.956305 -0.292372 2026.595569  0.292372 0.956305 2731.353137  0 0 1
21 
0.829038 -0.559193 2345.546499  0.559193 0.829038 2634.137384  0 0 1
22 
0.139173 0.990268 2549.646298  -0.990268 0.139173 3063.926799  0 0 1
23 
-0.754710 -0.656059 3119.925832  0.656059 -0.754710 2921.498729  0 0 1
24 
0.987688 0.156434 2982.471450  -0.156434 0.987688 2867.345488  0 0 1
25 
0.422618 0.906308 2656.843520  -0.906308 0.422618 3323.679641  0 0 1
26 
0.139173 -0.990268 3248.363586  0.990268 0.139173 2928.311111  0 0 1
27 
0.998630 -0.052336 1985.331184  0.052336 0.998630 3003.027397  0 0 1
28 
0.999848 0.017452 2568.355500  -0.017452 0.999848 3018.493810  0 0 1
29 
0.956305 0.292372 2127.701594  -0.292372 0.956305 3060.394214  0 0 1
30 
0.406737 0.913545 1704.512468  -0.913545 0.406737 3340.973437  0 0 1
31 
0.241922 0.970296 2915.192468  -0.970296 0.241922 3686.916143  0 0 1
32 
0.500000 -0.866025 2200.484261  0.866025 0.500000 3255.785427  0 0 1
33 
0.994522 -0.104528 2808.330534  0.104528 0.994522 3308.367793  0 0 1
34 
0.965926 0.258819 2107.444739  -0.258819 0.965926 3385.171367  0 0 1
35 
0.998630 0.052336 1809.671961  -0.052336 0.998630 3352.247956  0 0 1
36 
-0.981627 0.190809 2833.961665  -0.190809 -0.981627 3765.203992  0 0 1
