0	0
1.00000000 0.00000000 0.00000000
0.00000000 1.00000000 0.00000000
0.00000000 0.00000000 1.00000000
1	1
-0.62668200 0.77927500 302.24800000
-0.77927500 -0.62668200 471.43700000
0.00000000 0.00000000 1.00000000
2	2
0.06835781 0.99766129 411.04517038
-0.99766129 0.06835781 379.17638881
0.00000000 0.00000000 1.00000000
3	3
-0.94504253 -0.32694993 1085.64900173
0.32694993 -0.94504253 342.37639343
0.00000000 0.00000000 1.00000000
11	11
-0.95521672 -0.29590836 1021.29530081
0.29590836 -0.95521672 570.70871870
0.00000000 0.00000000 1.00000000
10	10
-0.98173914 -0.19023104 843.54100915
0.19023104 -0.98173914 599.80797135
0.00000000 0.00000000 1.00000000
15	15
0.95023828 -0.31152368 479.95639190
0.31152368 0.95023828 460.39126516
0.00000000 0.00000000 1.00000000
14	14
0.24503988 0.96951310 665.97978392
-0.96951310 0.24503988 1003.81686729
0.00000000 0.00000000 1.00000000
21	21
0.14168834 0.98991122 720.16117770
-0.98991122 0.14168834 1235.08309971
0.00000000 0.00000000 1.00000000
20	20
0.82665364 -0.56271144 517.67215644
0.56271144 0.82665364 804.30657110
0.00000000 0.00000000 1.00000000
19	19
0.95388697 -0.30016580 199.38393672
0.30016580 0.95388697 899.48738367
0.00000000 0.00000000 1.00000000
16	16
0.71186356 0.70231737 -8.07786242
-0.70231737 0.71186356 788.24859109
0.00000000 0.00000000 1.00000000
17	17
-0.07949260 -0.99683519 256.64355015
0.99683519 -0.07949260 596.25663902
0.00000000 0.00000000 1.00000000
18	18
0.37774113 -0.92591149 175.44260644
0.92591149 0.37774113 852.06019649
0.00000000 0.00000000 1.00000000
28	28
0.95491091 0.29689342 297.27278191
-0.29689342 0.95491091 1231.33178074
0.00000000 0.00000000 1.00000000
27	27
0.99983759 0.01803941 738.37615612
-0.01803941 0.99983759 1187.84135006
0.00000000 0.00000000 1.00000000
24	24
0.42334986 0.90596653 826.96548797
-0.90596653 0.42334986 1493.56278736
0.00000000 0.00000000 1.00000000
25	25
0.14812719 -0.98896921 1417.67004925
0.98896921 0.14812719 1096.51435807
0.00000000 0.00000000 1.00000000
23	23
0.98645026 0.16406490 1151.37801592
-0.16406490 0.98645026 1037.78461716
0.00000000 0.00000000 1.00000000
12	12
0.17853126 0.98393479 1096.83467522
-0.98393479 0.17853126 1059.14298601
0.00000000 0.00000000 1.00000000
6	6
-0.66945498 -0.74285329 1562.61631291
0.74285329 -0.66945498 408.92314912
0.00000000 0.00000000 1.00000000
9	9
-0.82663945 0.56273260 1091.63484185
-0.56273260 -0.82663945 759.21260466
0.00000000 0.00000000 1.00000000
4	4
0.85528839 -0.51815290 993.88897966
0.51815290 0.85528839 -113.62135806
0.00000000 0.00000000 1.00000000
5	5
-0.80829553 0.58877769 1321.97759535
-0.58877769 -0.80829553 444.35098519
0.00000000 0.00000000 1.00000000
13	13
0.59059558 0.80696832 703.82951162
-0.80696832 0.59059558 817.29170671
0.00000000 0.00000000 1.00000000
22	22
-0.74210750 -0.67028106 1289.74753875
0.67028106 -0.74210750 1090.39966806
0.00000000 0.00000000 1.00000000
30	30
0.23712991 0.97147921 1089.70590963
-0.97147921 0.23712991 1856.69439389
0.00000000 0.00000000 1.00000000
32	32
0.99477372 -0.10211466 982.11237893
0.10211466 0.99477372 1478.06819399
0.00000000 0.00000000 1.00000000
35	35
-0.98259700 0.18575656 1010.20672646
-0.18575656 -0.98259700 1934.84827130
0.00000000 0.00000000 1.00000000
33	33
0.96560145 0.26003035 282.09232987
-0.26003035 0.96560145 1556.73032798
0.00000000 0.00000000 1.00000000
31	31
0.50424901 -0.86356000 374.23704720
0.86356000 0.50424901 1427.43719859
0.00000000 0.00000000 1.00000000
26	26
0.99887074 -0.04753051 158.39622176
0.04753051 0.99887074 1176.49633808
0.00000000 0.00000000 1.00000000
29	29
0.40460098 0.91449458 -120.67558996
-0.91449458 0.40460098 1514.51428956
0.00000000 0.00000000 1.00000000
34	34
0.99833747 0.05766215 -15.02552990
-0.05766215 0.99833747 1525.91768553
0.00000000 0.00000000 1.00000000
8	8
-0.11626400 -0.99321800 266.68000000
0.99321800 -0.11626400 302.13500000
0.00000000 0.00000000 1.00000000
7	7
-0.30001532 0.95393414 206.45964605
-0.95393414 -0.30001532 710.62636259
0.00000000 0.00000000 1.00000000
