0	1	0.999960	0
-0.194909 0.980821 184.420000
-0.980821 -0.194909 334.444000
0 0 1
0	3	0.999207	0
0.388145 -0.921599 175.255000
0.921599 0.388145 160.148000
0 0 1
1	2	0.999897	0
-0.517519 -0.855672 356.415000
0.855672 -0.517519 244.131000
0 0 1
1	4	0.981691	0
0.459109 -0.888380 47.296600
0.888380 0.459109 -123.056000
0 0 1
2	5	0.999853	0
-0.897333 -0.441354 380.852000
0.441354 -0.897333 450.228000
0 0 1
3	4	0.977857	0
-0.257239 0.966348 90.541600
-0.966348 -0.257239 170.893000
0 0 1
3	8	0.949041	0
0.261659 0.965160 183.220000
-0.965160 0.261659 304.375000
0 0 1
4	5	0.554079	0
-0.846206 0.532856 285.657000
-0.532856 -0.846206 453.590000
0 0 1
4	6	0.936436	0
0.422931 0.906162 -165.903000
-0.906162 0.422931 434.295000
0 0 1
5	7	0.682357	0
-0.994445 -0.105254 259.334000
0.105254 -0.994445 78.145200
0 0 1
6	7	0.611301	0
-0.011869 -0.999930 282.523000
0.999930 -0.011869 169.731000
0 0 1
6	8	0.990560	0
-0.086294 -0.996270 347.774000
0.996270 -0.086294 -149.788000
0 0 1
