1 
1 0 651.623526  0 1 652.276139  0 0 1
2 
-0.190809 0.981627 835.669499  -0.981627 -0.190809 986.296994  0 0 1
3 
0.939693 -0.342020 1007.328686  0.342020 0.939693 589.555081  0 0 1
4 
0.390731 -0.920505 826.648783  0.920505 0.390731 812.226484  0 0 1
5 
0.788011 0.615661 705.332364  -0.615661 0.788011 962.309793  0 0 1
6 
-0.994522 -0.104528 1210.451005  0.104528 -0.994522 1143.164382  0 0 1
7 
-0.224951 0.974370 841.861045  -0.974370 -0.224951 1406.749275  0 0 1
8 
0.978148 0.207912 944.477320  -0.207912 0.978148 1092.580674  0 0 1
9 
0.990268 0.139173 617.674924  -0.139173 0.990268 1100.880705  0 0 1
