0	0
1.00000000 0.00000000 0.00000000
0.00000000 1.00000000 0.00000000
0.00000000 0.00000000 1.00000000
1	1
-0.19490900 0.98082100 184.42000000
-0.98082100 -0.19490900 334.44400000
0.00000000 0.00000000 1.00000000
2	2
0.94013018 -0.34081533 354.40032032
0.34081533 0.94013018 -62.71864579
0.00000000 0.00000000 1.00000000
5	5
-0.99403004 -0.10910537 559.00617461
0.10910537 -0.99403004 490.35448353
0.00000000 0.00000000 1.00000000
4	4
0.78301665 0.62200042 53.19881657
-0.62200042 0.78301665 312.86473813
0.00000000 0.00000000 1.00000000
3	3
0.39964630 -0.91666901 173.66651742
0.91666901 0.39964630 161.57130409
0.00000000 0.00000000 1.00000000
8	8
0.98930331 0.14586793 -32.12141587
-0.14586793 0.98930331 451.16574269
0.00000000 0.00000000 1.00000000
6	6
-0.23069465 0.97302513 193.85567383
-0.97302513 -0.23069465 755.00329365
0.00000000 0.00000000 1.00000000
7	7
0.97569513 0.21912967 293.83165715
-0.21912967 0.97569513 440.94528117
0.00000000 0.00000000 1.00000000
